   90.500   32.500    0.000    3.271	0
   90.500   32.000    0.000    3.287	0
   90.500   31.500    0.000    3.315	0
   90.500   31.000    0.000    3.346	0
   90.500   30.500    0.000    3.370	0
   90.500   30.000    0.000    3.377	0
   90.500   29.500    0.000    3.364	0
   90.500   29.000    0.000    3.329	0
   90.500   28.500    0.000    3.291	0
   90.500   28.000    0.000    3.268	0
   91.000   32.500    0.000    3.275	0
   91.000   32.000    0.000    3.290	0
   91.000   31.500    0.000    3.314	0
   91.000   31.000    0.000    3.339	0
   91.000   30.500    0.000    3.330	0
   91.000   30.000    0.000    3.313	1
   91.000   29.500    0.000    3.429	1
   91.000   29.000    0.000    3.354	0
   91.000   28.500    0.000    3.298	0
   91.000   28.000    0.000    3.274	0
   91.500   32.500    0.000    3.286	0
   91.500   32.000    0.000    3.301	0
   91.500   31.500    0.000    3.321	0
   91.500   31.000    0.000    3.321	0
   91.500   30.500    0.000    3.140	1
   91.500   30.000    0.000    3.302	1
   91.500   29.500    0.000    3.816	1
   91.500   29.000    0.000    3.427	0
   91.500   28.500    0.000    3.299	0
   91.500   28.000    0.000    3.291	0
   92.000   32.500    0.000    3.303	0
   92.000   32.000    0.000    3.324	0
   92.000   31.500    0.000    3.244	1
   92.000   31.000    0.000    3.320	1
   92.000   30.500    0.000    3.104	1
   92.000   30.000    0.000    3.359	1
   92.000   29.500    0.000    3.690	1
   92.000   29.000    0.000    3.026	1
   92.000   28.500    0.000    3.217	0
   92.000   28.000    0.000    3.315	0
   92.500   32.500    0.000    3.323	0
   92.500   32.000    0.000    3.511	0
   92.500   31.500    0.000    3.288	1
   92.500   31.000    0.000    3.469	1
   92.500   30.500    0.000    3.393	1
   92.500   30.000    0.000    3.093	1
   92.500   29.500    0.000    3.091	1
   92.500   29.000    0.000    3.154	1
   92.500   28.500    0.000    3.325	0
   92.500   28.000    0.000    3.336	0
   93.000   32.500    0.000    3.331	0
   93.000   32.000    0.000    3.447	1
   93.000   31.500    0.000    3.162	1
   93.000   31.000    0.000    3.392	1
   93.000   30.500    0.000    3.456	1
   93.000   30.000    0.000    3.335	1
   93.000   29.500    0.000    3.478	1
   93.000   29.000    0.000    3.797	1
   93.000   28.500    0.000    3.429	0
   93.000   28.000    0.000    3.341	0
   93.500   32.500    0.000    3.352	0
   93.500   32.000    0.000    3.322	1
   93.500   31.500    0.000    2.920	1
   93.500   31.000    0.000    3.353	1
   93.500   30.500    0.000    3.492	1
   93.500   30.000    0.000    3.243	1
   93.500   29.500    0.000    3.320	1
   93.500   29.000    0.000    3.421	1
   93.500   28.500    0.000    3.363	0
   93.500   28.000    0.000    3.332	0
   94.000   32.500    0.000    3.350	0
   94.000   32.000    0.000    3.248	1
   94.000   31.500    0.000    3.433	1
   94.000   31.000    0.000    3.512	1
   94.000   30.500    0.000    3.132	1
   94.000   30.000    0.000    3.077	1
   94.000   29.500    0.000    3.602	1
   94.000   29.000    0.000    3.377	1
   94.000   28.500    0.000    3.345	0
   94.000   28.000    0.000    3.316	0
   94.500   32.500    0.000    3.329	0
   94.500   32.000    0.000    3.137	1
   94.500   31.500    0.000    3.469	1
   94.500   31.000    0.000    3.405	1
   94.500   30.500    0.000    3.330	1
   94.500   30.000    0.000    3.410	1
   94.500   29.500    0.000    3.165	1
   94.500   29.000    0.000    3.310	1
   94.500   28.500    0.000    3.336	0
   94.500   28.000    0.000    3.306	0
   95.000   32.500    0.000    3.314	0
   95.000   32.000    0.000    3.129	1
   95.000   31.500    0.000    3.376	1
   95.000   31.000    0.000    3.460	1
   95.000   30.500    0.000    3.350	1
   95.000   30.000    0.000    3.196	1
   95.000   29.500    0.000    2.855	1
   95.000   29.000    0.000    3.281	1
   95.000   28.500    0.000    3.329	0
   95.000   28.000    0.000    3.312	0
   95.500   32.500    0.000    3.274	0
   95.500   32.000    0.000    3.114	0
   95.500   31.500    0.000    3.082	1
   95.500   31.000    0.000    3.378	1
   95.500   30.500    0.000    3.314	1
   95.500   30.000    0.000    3.289	1
   95.500   29.500    0.000    3.396	1
   95.500   29.000    0.000    3.361	1
   95.500   28.500    0.000    3.345	0
   95.500   28.000    0.000    3.335	0
   96.000   32.500    0.000    3.243	0
   96.000   32.000    0.000    3.174	0
   96.000   31.500    0.000    3.211	1
   96.000   31.000    0.000    3.427	1
   96.000   30.500    0.000    3.288	1
   96.000   30.000    0.000    3.487	1
   96.000   29.500    0.000    3.467	1
   96.000   29.000    0.000    3.378	1
   96.000   28.500    0.000    3.370	0
   96.000   28.000    0.000    3.364	0
   96.500   32.500    0.000    3.244	0
   96.500   32.000    0.000    3.221	0
   96.500   31.500    0.000    3.282	1
   96.500   31.000    0.000    3.294	1
   96.500   30.500    0.000    3.240	1
   96.500   30.000    0.000    3.292	1
   96.500   29.500    0.000    3.319	1
   96.500   29.000    0.000    3.423	1
   96.500   28.500    0.000    3.390	0
   96.500   28.000    0.000    3.387	0
   97.000   32.500    0.000    3.282	0
   97.000   32.000    0.000    3.260	0
   97.000   31.500    0.000    3.104	1
   97.000   31.000    0.000    2.965	1
   97.000   30.500    0.000    3.659	1
   97.000   30.000    0.000    3.040	1
   97.000   29.500    0.000    3.245	1
   97.000   29.000    0.000    3.425	0
   97.000   28.500    0.000    3.404	0
   97.000   28.000    0.000    3.404	0
   97.500   32.500    0.000    3.336	0
   97.500   32.000    0.000    3.325	0
   97.500   31.500    0.000    3.251	1
   97.500   31.000    0.000    2.712	1
   97.500   30.500    0.000    3.518	1
   97.500   30.000    0.000    3.254	1
   97.500   29.500    0.000    3.451	1
   97.500   29.000    0.000    3.412	0
   97.500   28.500    0.000    3.413	0
   97.500   28.000    0.000    3.417	0
   98.000   32.500    0.000    3.378	0
   98.000   32.000    0.000    3.382	0
   98.000   31.500    0.000    3.478	1
   98.000   31.000    0.000    3.223	1
   98.000   30.500    0.000    3.458	1
   98.000   30.000    0.000    3.288	1
   98.000   29.500    0.000    3.286	1
   98.000   29.000    0.000    3.411	0
   98.000   28.500    0.000    3.422	0
   98.000   28.000    0.000    3.427	0
   98.500   32.500    0.000    3.399	0
   98.500   32.000    0.000    3.398	0
   98.500   31.500    0.000    3.399	0
   98.500   31.000    0.000    3.358	0
   98.500   30.500    0.000    3.341	1
   98.500   30.000    0.000    3.282	1
   98.500   29.500    0.000    3.283	1
   98.500   29.000    0.000    3.414	0
   98.500   28.500    0.000    3.431	0
   98.500   28.000    0.000    3.432	0
   90.500   32.500    5.000    3.271	0
   90.500   32.000    5.000    3.288	0
   90.500   31.500    5.000    3.315	0
   90.500   31.000    5.000    3.341	0
   90.500   30.500    5.000    3.351	0
   90.500   30.000    5.000    3.365	0
   90.500   29.500    5.000    3.388	0
   90.500   29.000    5.000    3.335	0
   90.500   28.500    5.000    3.289	0
   90.500   28.000    5.000    3.268	0
   91.000   32.500    5.000    3.276	0
   91.000   32.000    5.000    3.283	0
   91.000   31.500    5.000    3.288	0
   91.000   31.000    5.000    3.290	0
   91.000   30.500    5.000    3.288	0
   91.000   30.000    5.000    3.364	1
   91.000   29.500    5.000    3.476	1
   91.000   29.000    5.000    3.393	0
   91.000   28.500    5.000    3.306	0
   91.000   28.000    5.000    3.272	0
   91.500   32.500    5.000    3.286	0
   91.500   32.000    5.000    3.290	0
   91.500   31.500    5.000    3.268	0
   91.500   31.000    5.000    3.244	0
   91.500   30.500    5.000    3.197	1
   91.500   30.000    5.000    3.370	1
   91.500   29.500    5.000    3.605	1
   91.500   29.000    5.000    3.413	0
   91.500   28.500    5.000    3.292	0
   91.500   28.000    5.000    3.283	0
   92.000   32.500    5.000    3.305	0
   92.000   32.000    5.000    3.323	0
   92.000   31.500    5.000    3.247	1
   92.000   31.000    5.000    3.245	1
   92.000   30.500    5.000    3.185	1
   92.000   30.000    5.000    3.309	1
   92.000   29.500    5.000    3.445	1
   92.000   29.000    5.000    3.225	1
   92.000   28.500    5.000    3.221	0
   92.000   28.000    5.000    3.275	0
   92.500   32.500    5.000    3.358	0
   92.500   32.000    5.000    3.412	0
   92.500   31.500    5.000    3.274	1
   92.500   31.000    5.000    3.313	1
   92.500   30.500    5.000    3.268	1
   92.500   30.000    5.000    3.169	1
   92.500   29.500    5.000    3.226	1
   92.500   29.000    5.000    3.298	1
   92.500   28.500    5.000    3.316	0
   92.500   28.000    5.000    3.317	0
   93.000   32.500    5.000    3.340	0
   93.000   32.000    5.000    3.367	1
   93.000   31.500    5.000    3.206	1
   93.000   31.000    5.000    3.312	1
   93.000   30.500    5.000    3.334	1
   93.000   30.000    5.000    3.295	1
   93.000   29.500    5.000    3.453	1
   93.000   29.000    5.000    3.628	1
   93.000   28.500    5.000    3.465	0
   93.000   28.000    5.000    3.358	0
   93.500   32.500    5.000    3.321	0
   93.500   32.000    5.000    3.272	1
   93.500   31.500    5.000    3.102	1
   93.500   31.000    5.000    3.292	1
   93.500   30.500    5.000    3.346	1
   93.500   30.000    5.000    3.264	1
   93.500   29.500    5.000    3.401	1
   93.500   29.000    5.000    3.491	1
   93.500   28.500    5.000    3.413	0
   93.500   28.000    5.000    3.330	0
   94.000   32.500    5.000    3.296	0
   94.000   32.000    5.000    3.251	1
   94.000   31.500    5.000    3.279	1
   94.000   31.000    5.000    3.349	1
   94.000   30.500    5.000    3.249	1
   94.000   30.000    5.000    3.226	1
   94.000   29.500    5.000    3.418	1
   94.000   29.000    5.000    3.396	1
   94.000   28.500    5.000    3.350	0
   94.000   28.000    5.000    3.311	0
   94.500   32.500    5.000    3.277	0
   94.500   32.000    5.000    3.239	1
   94.500   31.500    5.000    3.366	1
   94.500   31.000    5.000    3.356	1
   94.500   30.500    5.000    3.296	1
   94.500   30.000    5.000    3.276	1
   94.500   29.500    5.000    3.197	1
   94.500   29.000    5.000    3.267	1
   94.500   28.500    5.000    3.295	0
   94.500   28.000    5.000    3.296	0
   95.000   32.500    5.000    3.267	0
   95.000   32.000    5.000    3.209	1
   95.000   31.500    5.000    3.339	1
   95.000   31.000    5.000    3.384	1
   95.000   30.500    5.000    3.299	1
   95.000   30.000    5.000    3.178	1
   95.000   29.500    5.000    3.051	1
   95.000   29.000    5.000    3.216	1
   95.000   28.500    5.000    3.281	0
   95.000   28.000    5.000    3.296	0
   95.500   32.500    5.000    3.213	0
   95.500   32.000    5.000    3.140	0
   95.500   31.500    5.000    3.187	1
   95.500   31.000    5.000    3.354	1
   95.500   30.500    5.000    3.318	1
   95.500   30.000    5.000    3.284	1
   95.500   29.500    5.000    3.311	1
   95.500   29.000    5.000    3.339	1
   95.500   28.500    5.000    3.334	0
   95.500   28.000    5.000    3.323	0
   96.000   32.500    5.000    3.206	0
   96.000   32.000    5.000    3.160	0
   96.000   31.500    5.000    3.206	1
   96.000   31.000    5.000    3.355	1
   96.000   30.500    5.000    3.328	1
   96.000   30.000    5.000    3.398	1
   96.000   29.500    5.000    3.430	1
   96.000   29.000    5.000    3.412	1
   96.000   28.500    5.000    3.382	0
   96.000   28.000    5.000    3.356	0
   96.500   32.500    5.000    3.221	0
   96.500   32.000    5.000    3.187	0
   96.500   31.500    5.000    3.195	1
   96.500   31.000    5.000    3.244	1
   96.500   30.500    5.000    3.295	1
   96.500   30.000    5.000    3.287	1
   96.500   29.500    5.000    3.326	1
   96.500   29.000    5.000    3.401	1
   96.500   28.500    5.000    3.396	0
   96.500   28.000    5.000    3.384	0
   97.000   32.500    5.000    3.252	0
   97.000   32.000    5.000    3.198	0
   97.000   31.500    5.000    3.083	1
   97.000   31.000    5.000    3.039	1
   97.000   30.500    5.000    3.356	1
   97.000   30.000    5.000    3.178	1
   97.000   29.500    5.000    3.241	1
   97.000   29.000    5.000    3.372	0
   97.000   28.500    5.000    3.396	0
   97.000   28.000    5.000    3.402	0
   97.500   32.500    5.000    3.314	0
   97.500   32.000    5.000    3.265	0
   97.500   31.500    5.000    3.141	1
   97.500   31.000    5.000    2.927	1
   97.500   30.500    5.000    3.288	1
   97.500   30.000    5.000    3.259	1
   97.500   29.500    5.000    3.338	1
   97.500   29.000    5.000    3.393	0
   97.500   28.500    5.000    3.408	0
   97.500   28.000    5.000    3.414	0
   98.000   32.500    5.000    3.373	0
   98.000   32.000    5.000    3.358	0
   98.000   31.500    5.000    3.330	1
   98.000   31.000    5.000    3.166	1
   98.000   30.500    5.000    3.309	1
   98.000   30.000    5.000    3.291	1
   98.000   29.500    5.000    3.310	1
   98.000   29.000    5.000    3.394	0
   98.000   28.500    5.000    3.418	0
   98.000   28.000    5.000    3.424	0
   98.500   32.500    5.000    3.399	0
   98.500   32.000    5.000    3.393	0
   98.500   31.500    5.000    3.400	0
   98.500   31.000    5.000    3.271	0
   98.500   30.500    5.000    3.314	1
   98.500   30.000    5.000    3.253	1
   98.500   29.500    5.000    3.224	1
   98.500   29.000    5.000    3.403	0
   98.500   28.500    5.000    3.428	0
   98.500   28.000    5.000    3.432	0
   90.500   32.500   10.000    3.379	0
   90.500   32.000   10.000    3.386	0
   90.500   31.500   10.000    3.396	0
   90.500   31.000   10.000    3.395	0
   90.500   30.500   10.000    3.380	0
   90.500   30.000   10.000    3.398	0
   90.500   29.500   10.000    3.439	0
   90.500   29.000   10.000    3.386	0
   90.500   28.500   10.000    3.345	0
   90.500   28.000   10.000    3.327	0
   91.000   32.500   10.000    3.374	0
   91.000   32.000   10.000    3.375	0
   91.000   31.500   10.000    3.363	0
   91.000   31.000   10.000    3.342	0
   91.000   30.500   10.000    3.333	0
   91.000   30.000   10.000    3.440	1
   91.000   29.500   10.000    3.563	1
   91.000   29.000   10.000    3.464	0
   91.000   28.500   10.000    3.359	0
   91.000   28.000   10.000    3.327	0
   91.500   32.500   10.000    3.372	0
   91.500   32.000   10.000    3.375	0
   91.500   31.500   10.000    3.344	0
   91.500   31.000   10.000    3.316	0
   91.500   30.500   10.000    3.295	1
   91.500   30.000   10.000    3.500	1
   91.500   29.500   10.000    3.693	1
   91.500   29.000   10.000    3.473	0
   91.500   28.500   10.000    3.324	0
   91.500   28.000   10.000    3.323	0
   92.000   32.500   10.000    3.381	0
   92.000   32.000   10.000    3.410	0
   92.000   31.500   10.000    3.349	1
   92.000   31.000   10.000    3.355	1
   92.000   30.500   10.000    3.324	1
   92.000   30.000   10.000    3.463	1
   92.000   29.500   10.000    3.547	1
   92.000   29.000   10.000    3.289	1
   92.000   28.500   10.000    3.226	0
   92.000   28.000   10.000    3.287	0
   92.500   32.500   10.000    3.433	0
   92.500   32.000   10.000    3.487	0
   92.500   31.500   10.000    3.377	1
   92.500   31.000   10.000    3.411	1
   92.500   30.500   10.000    3.375	1
   92.500   30.000   10.000    3.355	1
   92.500   29.500   10.000    3.407	1
   92.500   29.000   10.000    3.370	1
   92.500   28.500   10.000    3.314	0
   92.500   28.000   10.000    3.316	0
   93.000   32.500   10.000    3.427	0
   93.000   32.000   10.000    3.473	1
   93.000   31.500   10.000    3.350	1
   93.000   31.000   10.000    3.427	1
   93.000   30.500   10.000    3.443	1
   93.000   30.000   10.000    3.483	1
   93.000   29.500   10.000    3.647	1
   93.000   29.000   10.000    3.700	1
   93.000   28.500   10.000    3.494	0
   93.000   28.000   10.000    3.366	0
   93.500   32.500   10.000    3.421	0
   93.500   32.000   10.000    3.428	1
   93.500   31.500   10.000    3.320	1
   93.500   31.000   10.000    3.428	1
   93.500   30.500   10.000    3.488	1
   93.500   30.000   10.000    3.497	1
   93.500   29.500   10.000    3.628	1
   93.500   29.000   10.000    3.617	1
   93.500   28.500   10.000    3.468	0
   93.500   28.000   10.000    3.346	0
   94.000   32.500   10.000    3.394	0
   94.000   32.000   10.000    3.431	1
   94.000   31.500   10.000    3.472	1
   94.000   31.000   10.000    3.481	1
   94.000   30.500   10.000    3.490	1
   94.000   30.000   10.000    3.545	1
   94.000   29.500   10.000    3.635	1
   94.000   29.000   10.000    3.527	1
   94.000   28.500   10.000    3.415	0
   94.000   28.000   10.000    3.347	0
   94.500   32.500   10.000    3.383	0
   94.500   32.000   10.000    3.438	1
   94.500   31.500   10.000    3.574	1
   94.500   31.000   10.000    3.498	1
   94.500   30.500   10.000    3.512	1
   94.500   30.000   10.000    3.538	1
   94.500   29.500   10.000    3.427	1
   94.500   29.000   10.000    3.397	1
   94.500   28.500   10.000    3.367	0
   94.500   28.000   10.000    3.352	0
   95.000   32.500   10.000    3.384	0
   95.000   32.000   10.000    3.419	1
   95.000   31.500   10.000    3.576	1
   95.000   31.000   10.000    3.520	1
   95.000   30.500   10.000    3.441	1
   95.000   30.000   10.000    3.361	1
   95.000   29.500   10.000    3.264	1
   95.000   29.000   10.000    3.348	1
   95.000   28.500   10.000    3.362	0
   95.000   28.000   10.000    3.366	0
   95.500   32.500   10.000    3.343	0
   95.500   32.000   10.000    3.364	0
   95.500   31.500   10.000    3.479	1
   95.500   31.000   10.000    3.522	1
   95.500   30.500   10.000    3.453	1
   95.500   30.000   10.000    3.434	1
   95.500   29.500   10.000    3.479	1
   95.500   29.000   10.000    3.484	1
   95.500   28.500   10.000    3.432	0
   95.500   28.000   10.000    3.397	0
   96.000   32.500   10.000    3.330	0
   96.000   32.000   10.000    3.368	0
   96.000   31.500   10.000    3.484	1
   96.000   31.000   10.000    3.537	1
   96.000   30.500   10.000    3.506	1
   96.000   30.000   10.000    3.539	1
   96.000   29.500   10.000    3.601	1
   96.000   29.000   10.000    3.568	1
   96.000   28.500   10.000    3.487	0
   96.000   28.000   10.000    3.429	0
   96.500   32.500   10.000    3.317	0
   96.500   32.000   10.000    3.362	0
   96.500   31.500   10.000    3.448	1
   96.500   31.000   10.000    3.457	1
   96.500   30.500   10.000    3.518	1
   96.500   30.000   10.000    3.455	1
   96.500   29.500   10.000    3.498	1
   96.500   29.000   10.000    3.534	1
   96.500   28.500   10.000    3.491	0
   96.500   28.000   10.000    3.455	0
   97.000   32.500   10.000    3.311	0
   97.000   32.000   10.000    3.327	0
   97.000   31.500   10.000    3.317	1
   97.000   31.000   10.000    3.275	1
   97.000   30.500   10.000    3.528	1
   97.000   30.000   10.000    3.381	1
   97.000   29.500   10.000    3.410	1
   97.000   29.000   10.000    3.478	0
   97.000   28.500   10.000    3.473	0
   97.000   28.000   10.000    3.462	0
   97.500   32.500   10.000    3.345	0
   97.500   32.000   10.000    3.346	0
   97.500   31.500   10.000    3.297	1
   97.500   31.000   10.000    3.140	1
   97.500   30.500   10.000    3.430	1
   97.500   30.000   10.000    3.451	1
   97.500   29.500   10.000    3.500	1
   97.500   29.000   10.000    3.488	0
   97.500   28.500   10.000    3.466	0
   97.500   28.000   10.000    3.458	0
   98.000   32.500   10.000    3.398	0
   98.000   32.000   10.000    3.410	0
   98.000   31.500   10.000    3.408	1
   98.000   31.000   10.000    3.271	1
   98.000   30.500   10.000    3.401	1
   98.000   30.000   10.000    3.434	1
   98.000   29.500   10.000    3.455	1
   98.000   29.000   10.000    3.462	0
   98.000   28.500   10.000    3.451	0
   98.000   28.000   10.000    3.449	0
   98.500   32.500   10.000    3.428	0
   98.500   32.000   10.000    3.429	0
   98.500   31.500   10.000    3.465	0
   98.500   31.000   10.000    3.332	0
   98.500   30.500   10.000    3.373	1
   98.500   30.000   10.000    3.372	1
   98.500   29.500   10.000    3.365	1
   98.500   29.000   10.000    3.433	0
   98.500   28.500   10.000    3.440	0
   98.500   28.000   10.000    3.447	0
   90.500   32.500   15.000    3.386	0
   90.500   32.000   15.000    3.388	0
   90.500   31.500   15.000    3.390	0
   90.500   31.000   15.000    3.380	0
   90.500   30.500   15.000    3.357	0
   90.500   30.000   15.000    3.374	0
   90.500   29.500   15.000    3.430	0
   90.500   29.000   15.000    3.388	0
   90.500   28.500   15.000    3.365	0
   90.500   28.000   15.000    3.360	0
   91.000   32.500   15.000    3.382	0
   91.000   32.000   15.000    3.383	0
   91.000   31.500   15.000    3.370	0
   91.000   31.000   15.000    3.341	0
   91.000   30.500   15.000    3.322	0
   91.000   30.000   15.000    3.433	1
   91.000   29.500   15.000    3.570	1
   91.000   29.000   15.000    3.464	0
   91.000   28.500   15.000    3.366	0
   91.000   28.000   15.000    3.352	0
   91.500   32.500   15.000    3.378	0
   91.500   32.000   15.000    3.391	0
   91.500   31.500   15.000    3.371	0
   91.500   31.000   15.000    3.345	0
   91.500   30.500   15.000    3.313	1
   91.500   30.000   15.000    3.520	1
   91.500   29.500   15.000    3.720	1
   91.500   29.000   15.000    3.452	0
   91.500   28.500   15.000    3.300	0
   91.500   28.000   15.000    3.332	0
   92.000   32.500   15.000    3.384	0
   92.000   32.000   15.000    3.428	0
   92.000   31.500   15.000    3.399	1
   92.000   31.000   15.000    3.419	1
   92.000   30.500   15.000    3.370	1
   92.000   30.000   15.000    3.525	1
   92.000   29.500   15.000    3.602	1
   92.000   29.000   15.000    3.226	1
   92.000   28.500   15.000    3.154	0
   92.000   28.000   15.000    3.266	0
   92.500   32.500   15.000    3.425	0
   92.500   32.000   15.000    3.491	0
   92.500   31.500   15.000    3.422	1
   92.500   31.000   15.000    3.479	1
   92.500   30.500   15.000    3.437	1
   92.500   30.000   15.000    3.461	1
   92.500   29.500   15.000    3.471	1
   92.500   29.000   15.000    3.257	1
   92.500   28.500   15.000    3.210	0
   92.500   28.000   15.000    3.274	0
   93.000   32.500   15.000    3.418	0
   93.000   32.000   15.000    3.479	1
   93.000   31.500   15.000    3.393	1
   93.000   31.000   15.000    3.465	1
   93.000   30.500   15.000    3.495	1
   93.000   30.000   15.000    3.568	1
   93.000   29.500   15.000    3.663	1
   93.000   29.000   15.000    3.593	1
   93.000   28.500   15.000    3.410	0
   93.000   28.000   15.000    3.334	0
   93.500   32.500   15.000    3.426	0
   93.500   32.000   15.000    3.476	1
   93.500   31.500   15.000    3.429	1
   93.500   31.000   15.000    3.469	1
   93.500   30.500   15.000    3.518	1
   93.500   30.000   15.000    3.586	1
   93.500   29.500   15.000    3.665	1
   93.500   29.000   15.000    3.582	1
   93.500   28.500   15.000    3.434	0
   93.500   28.000   15.000    3.334	0
   94.000   32.500   15.000    3.419	0
   94.000   32.000   15.000    3.512	1
   94.000   31.500   15.000    3.614	1
   94.000   31.000   15.000    3.541	1
   94.000   30.500   15.000    3.541	1
   94.000   30.000   15.000    3.640	1
   94.000   29.500   15.000    3.686	1
   94.000   29.000   15.000    3.537	1
   94.000   28.500   15.000    3.415	0
   94.000   28.000   15.000    3.350	0
   94.500   32.500   15.000    3.378	0
   94.500   32.000   15.000    3.484	1
   94.500   31.500   15.000    3.670	1
   94.500   31.000   15.000    3.555	1
   94.500   30.500   15.000    3.569	1
   94.500   30.000   15.000    3.614	1
   94.500   29.500   15.000    3.506	1
   94.500   29.000   15.000    3.439	1
   94.500   28.500   15.000    3.390	0
   94.500   28.000   15.000    3.367	0
   95.000   32.500   15.000    3.393	0
   95.000   32.000   15.000    3.470	1
   95.000   31.500   15.000    3.664	1
   95.000   31.000   15.000    3.548	1
   95.000   30.500   15.000    3.452	1
   95.000   30.000   15.000    3.401	1
   95.000   29.500   15.000    3.331	1
   95.000   29.000   15.000    3.394	1
   95.000   28.500   15.000    3.394	0
   95.000   28.000   15.000    3.389	0
   95.500   32.500   15.000    3.397	0
   95.500   32.000   15.000    3.479	0
   95.500   31.500   15.000    3.642	1
   95.500   31.000   15.000    3.562	1
   95.500   30.500   15.000    3.462	1
   95.500   30.000   15.000    3.454	1
   95.500   29.500   15.000    3.512	1
   95.500   29.000   15.000    3.525	1
   95.500   28.500   15.000    3.467	0
   95.500   28.000   15.000    3.424	0
   96.000   32.500   15.000    3.395	0
   96.000   32.000   15.000    3.509	0
   96.000   31.500   15.000    3.667	1
   96.000   31.000   15.000    3.600	1
   96.000   30.500   15.000    3.569	1
   96.000   30.000   15.000    3.562	1
   96.000   29.500   15.000    3.629	1
   96.000   29.000   15.000    3.615	1
   96.000   28.500   15.000    3.529	0
   96.000   28.000   15.000    3.460	0
   96.500   32.500   15.000    3.375	0
   96.500   32.000   15.000    3.497	0
   96.500   31.500   15.000    3.631	1
   96.500   31.000   15.000    3.552	1
   96.500   30.500   15.000    3.598	1
   96.500   30.000   15.000    3.514	1
   96.500   29.500   15.000    3.579	1
   96.500   29.000   15.000    3.603	1
   96.500   28.500   15.000    3.541	0
   96.500   28.000   15.000    3.489	0
   97.000   32.500   15.000    3.355	0
   97.000   32.000   15.000    3.442	0
   97.000   31.500   15.000    3.499	1
   97.000   31.000   15.000    3.418	1
   97.000   30.500   15.000    3.602	1
   97.000   30.000   15.000    3.477	1
   97.000   29.500   15.000    3.543	1
   97.000   29.000   15.000    3.562	0
   97.000   28.500   15.000    3.528	0
   97.000   28.000   15.000    3.497	0
   97.500   32.500   15.000    3.367	0
   97.500   32.000   15.000    3.417	0
   97.500   31.500   15.000    3.422	1
   97.500   31.000   15.000    3.288	1
   97.500   30.500   15.000    3.518	1
   97.500   30.000   15.000    3.530	1
   97.500   29.500   15.000    3.607	1
   97.500   29.000   15.000    3.557	0
   97.500   28.500   15.000    3.509	0
   97.500   28.000   15.000    3.489	0
   98.000   32.500   15.000    3.402	0
   98.000   32.000   15.000    3.436	0
   98.000   31.500   15.000    3.459	1
   98.000   31.000   15.000    3.351	1
   98.000   30.500   15.000    3.455	1
   98.000   30.000   15.000    3.448	1
   98.000   29.500   15.000    3.492	1
   98.000   29.000   15.000    3.492	0
   98.000   28.500   15.000    3.473	0
   98.000   28.000   15.000    3.472	0
   98.500   32.500   15.000    3.423	0
   98.500   32.000   15.000    3.427	0
   98.500   31.500   15.000    3.470	0
   98.500   31.000   15.000    3.370	0
   98.500   30.500   15.000    3.410	1
   98.500   30.000   15.000    3.325	1
   98.500   29.500   15.000    3.349	1
   98.500   29.000   15.000    3.435	0
   98.500   28.500   15.000    3.446	0
   98.500   28.000   15.000    3.464	0
   90.500   32.500   20.000    3.350	0
   90.500   32.000   20.000    3.351	0
   90.500   31.500   20.000    3.351	0
   90.500   31.000   20.000    3.343	0
   90.500   30.500   20.000    3.320	0
   90.500   30.000   20.000    3.329	0
   90.500   29.500   20.000    3.397	0
   90.500   29.000   20.000    3.377	0
   90.500   28.500   20.000    3.384	0
   90.500   28.000   20.000    3.400	0
   91.000   32.500   20.000    3.351	0
   91.000   32.000   20.000    3.356	0
   91.000   31.500   20.000    3.344	0
   91.000   31.000   20.000    3.306	0
   91.000   30.500   20.000    3.264	0
   91.000   30.000   20.000    3.355	1
   91.000   29.500   20.000    3.509	1
   91.000   29.000   20.000    3.428	0
   91.000   28.500   20.000    3.367	0
   91.000   28.000   20.000    3.388	0
   91.500   32.500   20.000    3.355	0
   91.500   32.000   20.000    3.371	0
   91.500   31.500   20.000    3.355	0
   91.500   31.000   20.000    3.310	0
   91.500   30.500   20.000    3.233	1
   91.500   30.000   20.000    3.404	1
   91.500   29.500   20.000    3.634	1
   91.500   29.000   20.000    3.382	0
   91.500   28.500   20.000    3.273	0
   91.500   28.000   20.000    3.356	0
   92.000   32.500   20.000    3.361	0
   92.000   32.000   20.000    3.404	0
   92.000   31.500   20.000    3.386	1
   92.000   31.000   20.000    3.382	1
   92.000   30.500   20.000    3.275	1
   92.000   30.000   20.000    3.410	1
   92.000   29.500   20.000    3.521	1
   92.000   29.000   20.000    3.118	1
   92.000   28.500   20.000    3.090	0
   92.000   28.000   20.000    3.273	0
   92.500   32.500   20.000    3.392	0
   92.500   32.000   20.000    3.445	0
   92.500   31.500   20.000    3.401	1
   92.500   31.000   20.000    3.445	1
   92.500   30.500   20.000    3.372	1
   92.500   30.000   20.000    3.385	1
   92.500   29.500   20.000    3.366	1
   92.500   29.000   20.000    3.070	1
   92.500   28.500   20.000    3.098	0
   92.500   28.000   20.000    3.264	0
   93.000   32.500   20.000    3.369	0
   93.000   32.000   20.000    3.403	1
   93.000   31.500   20.000    3.335	1
   93.000   31.000   20.000    3.382	1
   93.000   30.500   20.000    3.411	1
   93.000   30.000   20.000    3.458	1
   93.000   29.500   20.000    3.478	1
   93.000   29.000   20.000    3.374	1
   93.000   28.500   20.000    3.296	0
   93.000   28.000   20.000    3.326	0
   93.500   32.500   20.000    3.371	0
   93.500   32.000   20.000    3.400	1
   93.500   31.500   20.000    3.386	1
   93.500   31.000   20.000    3.368	1
   93.500   30.500   20.000    3.376	1
   93.500   30.000   20.000    3.459	1
   93.500   29.500   20.000    3.497	1
   93.500   29.000   20.000    3.436	1
   93.500   28.500   20.000    3.367	0
   93.500   28.000   20.000    3.342	0
   94.000   32.500   20.000    3.382	0
   94.000   32.000   20.000    3.451	1
   94.000   31.500   20.000    3.595	1
   94.000   31.000   20.000    3.467	1
   94.000   30.500   20.000    3.371	1
   94.000   30.000   20.000    3.461	1
   94.000   29.500   20.000    3.534	1
   94.000   29.000   20.000    3.449	1
   94.000   28.500   20.000    3.388	0
   94.000   28.000   20.000    3.365	0
   94.500   32.500   20.000    3.315	0
   94.500   32.000   20.000    3.377	1
   94.500   31.500   20.000    3.596	1
   94.500   31.000   20.000    3.496	1
   94.500   30.500   20.000    3.435	1
   94.500   30.000   20.000    3.461	1
   94.500   29.500   20.000    3.423	1
   94.500   29.000   20.000    3.400	1
   94.500   28.500   20.000    3.387	0
   94.500   28.000   20.000    3.386	0
   95.000   32.500   20.000    3.338	0
   95.000   32.000   20.000    3.360	1
   95.000   31.500   20.000    3.563	1
   95.000   31.000   20.000    3.471	1
   95.000   30.500   20.000    3.354	1
   95.000   30.000   20.000    3.316	1
   95.000   29.500   20.000    3.291	1
   95.000   29.000   20.000    3.367	1
   95.000   28.500   20.000    3.396	0
   95.000   28.000   20.000    3.408	0
   95.500   32.500   20.000    3.380	0
   95.500   32.000   20.000    3.432	0
   95.500   31.500   20.000    3.594	1
   95.500   31.000   20.000    3.476	1
   95.500   30.500   20.000    3.372	1
   95.500   30.000   20.000    3.376	1
   95.500   29.500   20.000    3.440	1
   95.500   29.000   20.000    3.480	1
   95.500   28.500   20.000    3.464	0
   95.500   28.000   20.000    3.443	0
   96.000   32.500   20.000    3.399	0
   96.000   32.000   20.000    3.504	0
   96.000   31.500   20.000    3.649	1
   96.000   31.000   20.000    3.523	1
   96.000   30.500   20.000    3.497	1
   96.000   30.000   20.000    3.477	1
   96.000   29.500   20.000    3.543	1
   96.000   29.000   20.000    3.572	1
   96.000   28.500   20.000    3.527	0
   96.000   28.000   20.000    3.480	0
   96.500   32.500   20.000    3.392	0
   96.500   32.000   20.000    3.516	0
   96.500   31.500   20.000    3.630	1
   96.500   31.000   20.000    3.496	1
   96.500   30.500   20.000    3.513	1
   96.500   30.000   20.000    3.459	1
   96.500   29.500   20.000    3.555	1
   96.500   29.000   20.000    3.598	1
   96.500   28.500   20.000    3.556	0
   96.500   28.000   20.000    3.510	0
   97.000   32.500   20.000    3.376	0
   97.000   32.000   20.000    3.472	0
   97.000   31.500   20.000    3.528	1
   97.000   31.000   20.000    3.421	1
   97.000   30.500   20.000    3.534	1
   97.000   30.000   20.000    3.449	1
   97.000   29.500   20.000    3.573	1
   97.000   29.000   20.000    3.593	0
   97.000   28.500   20.000    3.556	0
   97.000   28.000   20.000    3.520	0
   97.500   32.500   20.000    3.377	0
   97.500   32.000   20.000    3.436	0
   97.500   31.500   20.000    3.450	1
   97.500   31.000   20.000    3.341	1
   97.500   30.500   20.000    3.505	1
   97.500   30.000   20.000    3.478	1
   97.500   29.500   20.000    3.593	1
   97.500   29.000   20.000    3.569	0
   97.500   28.500   20.000    3.531	0
   97.500   28.000   20.000    3.513	0
   98.000   32.500   20.000    3.395	0
   98.000   32.000   20.000    3.434	0
   98.000   31.500   20.000    3.457	1
   98.000   31.000   20.000    3.382	1
   98.000   30.500   20.000    3.451	1
   98.000   30.000   20.000    3.368	1
   98.000   29.500   20.000    3.428	1
   98.000   29.000   20.000    3.476	0
   98.000   28.500   20.000    3.484	0
   98.000   28.000   20.000    3.496	0
   98.500   32.500   20.000    3.406	0
   98.500   32.000   20.000    3.410	0
   98.500   31.500   20.000    3.445	0
   98.500   31.000   20.000    3.382	0
   98.500   30.500   20.000    3.424	1
   98.500   30.000   20.000    3.242	1
   98.500   29.500   20.000    3.271	1
   98.500   29.000   20.000    3.427	0
   98.500   28.500   20.000    3.458	0
   98.500   28.000   20.000    3.487	0
   90.500   32.500   25.000    3.321	0
   90.500   32.000   25.000    3.323	0
   90.500   31.500   25.000    3.324	0
   90.500   31.000   25.000    3.322	0
   90.500   30.500   25.000    3.304	0
   90.500   30.000   25.000    3.306	0
   90.500   29.500   25.000    3.378	0
   90.500   29.000   25.000    3.384	0
   90.500   28.500   25.000    3.419	0
   90.500   28.000   25.000    3.457	0
   91.000   32.500   25.000    3.331	0
   91.000   32.000   25.000    3.336	0
   91.000   31.500   25.000    3.324	0
   91.000   31.000   25.000    3.279	0
   91.000   30.500   25.000    3.214	0
   91.000   30.000   25.000    3.273	1
   91.000   29.500   25.000    3.438	1
   91.000   29.000   25.000    3.401	0
   91.000   28.500   25.000    3.389	0
   91.000   28.000   25.000    3.443	0
   91.500   32.500   25.000    3.341	0
   91.500   32.000   25.000    3.358	0
   91.500   31.500   25.000    3.339	0
   91.500   31.000   25.000    3.265	0
   91.500   30.500   25.000    3.134	1
   91.500   30.000   25.000    3.249	1
   91.500   29.500   25.000    3.511	1
   91.500   29.000   25.000    3.331	0
   91.500   28.500   25.000    3.285	0
   91.500   28.000   25.000    3.408	0
   92.000   32.500   25.000    3.350	0
   92.000   32.000   25.000    3.388	0
   92.000   31.500   25.000    3.368	1
   92.000   31.000   25.000    3.315	1
   92.000   30.500   25.000    3.139	1
   92.000   30.000   25.000    3.228	1
   92.000   29.500   25.000    3.389	1
   92.000   29.000   25.000    3.056	1
   92.000   28.500   25.000    3.090	0
   92.000   28.000   25.000    3.329	0
   92.500   32.500   25.000    3.379	0
   92.500   32.000   25.000    3.416	0
   92.500   31.500   25.000    3.386	1
   92.500   31.000   25.000    3.388	1
   92.500   30.500   25.000    3.266	1
   92.500   30.000   25.000    3.234	1
   92.500   29.500   25.000    3.215	1
   92.500   29.000   25.000    2.945	1
   92.500   28.500   25.000    3.058	0
   92.500   28.000   25.000    3.309	0
   93.000   32.500   25.000    3.349	0
   93.000   32.000   25.000    3.345	1
   93.000   31.500   25.000    3.288	1
   93.000   31.000   25.000    3.286	1
   93.000   30.500   25.000    3.287	1
   93.000   30.000   25.000    3.293	1
   93.000   29.500   25.000    3.268	1
   93.000   29.000   25.000    3.200	1
   93.000   28.500   25.000    3.236	0
   93.000   28.000   25.000    3.367	0
   93.500   32.500   25.000    3.336	0
   93.500   32.000   25.000    3.313	1
   93.500   31.500   25.000    3.309	1
   93.500   31.000   25.000    3.228	1
   93.500   30.500   25.000    3.196	1
   93.500   30.000   25.000    3.286	1
   93.500   29.500   25.000    3.312	1
   93.500   29.000   25.000    3.316	1
   93.500   28.500   25.000    3.337	0
   93.500   28.000   25.000    3.389	0
   94.000   32.500   25.000    3.352	0
   94.000   32.000   25.000    3.354	1
   94.000   31.500   25.000    3.506	1
   94.000   31.000   25.000    3.344	1
   94.000   30.500   25.000    3.157	1
   94.000   30.000   25.000    3.238	1
   94.000   29.500   25.000    3.368	1
   94.000   29.000   25.000    3.379	1
   94.000   28.500   25.000    3.386	0
   94.000   28.000   25.000    3.412	0
   94.500   32.500   25.000    3.264	0
   94.500   32.000   25.000    3.237	1
   94.500   31.500   25.000    3.464	1
   94.500   31.000   25.000    3.409	1
   94.500   30.500   25.000    3.278	1
   94.500   30.000   25.000    3.291	1
   94.500   29.500   25.000    3.343	1
   94.500   29.000   25.000    3.376	1
   94.500   28.500   25.000    3.401	0
   94.500   28.000   25.000    3.431	0
   95.000   32.500   25.000    3.285	0
   95.000   32.000   25.000    3.209	1
   95.000   31.500   25.000    3.405	1
   95.000   31.000   25.000    3.385	1
   95.000   30.500   25.000    3.275	1
   95.000   30.000   25.000    3.263	1
   95.000   29.500   25.000    3.283	1
   95.000   29.000   25.000    3.355	1
   95.000   28.500   25.000    3.410	0
   95.000   28.000   25.000    3.448	0
   95.500   32.500   25.000    3.348	0
   95.500   32.000   25.000    3.315	0
   95.500   31.500   25.000    3.453	1
   95.500   31.000   25.000    3.368	1
   95.500   30.500   25.000    3.292	1
   95.500   30.000   25.000    3.332	1
   95.500   29.500   25.000    3.397	1
   95.500   29.000   25.000    3.440	1
   95.500   28.500   25.000    3.461	0
   95.500   28.000   25.000    3.478	0
   96.000   32.500   25.000    3.383	0
   96.000   32.000   25.000    3.424	0
   96.000   31.500   25.000    3.527	1
   96.000   31.000   25.000    3.404	1
   96.000   30.500   25.000    3.388	1
   96.000   30.000   25.000    3.402	1
   96.000   29.500   25.000    3.469	1
   96.000   29.000   25.000    3.519	1
   96.000   28.500   25.000    3.519	0
   96.000   28.000   25.000    3.511	0
   96.500   32.500   25.000    3.393	0
   96.500   32.000   25.000    3.468	0
   96.500   31.500   25.000    3.540	1
   96.500   31.000   25.000    3.394	1
   96.500   30.500   25.000    3.381	1
   96.500   30.000   25.000    3.392	1
   96.500   29.500   25.000    3.513	1
   96.500   29.000   25.000    3.574	1
   96.500   28.500   25.000    3.561	0
   96.500   28.000   25.000    3.536	0
   97.000   32.500   25.000    3.388	0
   97.000   32.000   25.000    3.454	0
   97.000   31.500   25.000    3.484	1
   97.000   31.000   25.000    3.381	1
   97.000   30.500   25.000    3.437	1
   97.000   30.000   25.000    3.398	1
   97.000   29.500   25.000    3.562	1
   97.000   29.000   25.000    3.597	0
   97.000   28.500   25.000    3.572	0
   97.000   28.000   25.000    3.544	0
   97.500   32.500   25.000    3.386	0
   97.500   32.000   25.000    3.430	0
   97.500   31.500   25.000    3.438	1
   97.500   31.000   25.000    3.362	1
   97.500   30.500   25.000    3.467	1
   97.500   30.000   25.000    3.400	1
   97.500   29.500   25.000    3.531	1
   97.500   29.000   25.000    3.554	0
   97.500   28.500   25.000    3.542	0
   97.500   28.000   25.000    3.536	0
   98.000   32.500   25.000    3.393	0
   98.000   32.000   25.000    3.424	0
   98.000   31.500   25.000    3.444	1
   98.000   31.000   25.000    3.398	1
   98.000   30.500   25.000    3.437	1
   98.000   30.000   25.000    3.292	1
   98.000   29.500   25.000    3.349	1
   98.000   29.000   25.000    3.451	0
   98.000   28.500   25.000    3.492	0
   98.000   28.000   25.000    3.522	0
   98.500   32.500   25.000    3.396	0
   98.500   32.000   25.000    3.399	0
   98.500   31.500   25.000    3.421	0
   98.500   31.000   25.000    3.385	0
   98.500   30.500   25.000    3.429	1
   98.500   30.000   25.000    3.206	1
   98.500   29.500   25.000    3.226	1
   98.500   29.000   25.000    3.428	0
   98.500   28.500   25.000    3.477	0
   98.500   28.000   25.000    3.513	0
   90.500   32.500   30.000    3.327	0
   90.500   32.000   30.000    3.330	0
   90.500   31.500   30.000    3.335	0
   90.500   31.000   30.000    3.338	0
   90.500   30.500   30.000    3.327	0
   90.500   30.000   30.000    3.321	0
   90.500   29.500   30.000    3.390	0
   90.500   29.000   30.000    3.414	0
   90.500   28.500   30.000    3.470	0
   90.500   28.000   30.000    3.525	0
   91.000   32.500   30.000    3.342	0
   91.000   32.000   30.000    3.349	0
   91.000   31.500   30.000    3.339	0
   91.000   31.000   30.000    3.290	0
   91.000   30.500   30.000    3.209	0
   91.000   30.000   30.000    3.238	1
   91.000   29.500   30.000    3.400	1
   91.000   29.000   30.000    3.407	0
   91.000   28.500   30.000    3.435	0
   91.000   28.000   30.000    3.513	0
   91.500   32.500   30.000    3.358	0
   91.500   32.000   30.000    3.375	0
   91.500   31.500   30.000    3.353	0
   91.500   31.000   30.000    3.259	0
   91.500   30.500   30.000    3.090	1
   91.500   30.000   30.000    3.152	1
   91.500   29.500   30.000    3.425	1
   91.500   29.000   30.000    3.329	0
   91.500   28.500   30.000    3.338	0
   91.500   28.000   30.000    3.482	0
   92.000   32.500   30.000    3.369	0
   92.000   32.000   30.000    3.408	0
   92.000   31.500   30.000    3.387	1
   92.000   31.000   30.000    3.291	1
   92.000   30.500   30.000    3.066	1
   92.000   30.000   30.000    3.103	1
   92.000   29.500   30.000    3.301	1
   92.000   29.000   30.000    3.073	1
   92.000   28.500   30.000    3.160	0
   92.000   28.000   30.000    3.416	0
   92.500   32.500   30.000    3.398	0
   92.500   32.000   30.000    3.437	0
   92.500   31.500   30.000    3.425	1
   92.500   31.000   30.000    3.383	1
   92.500   30.500   30.000    3.217	1
   92.500   30.000   30.000    3.138	1
   92.500   29.500   30.000    3.127	1
   92.500   29.000   30.000    2.930	1
   92.500   28.500   30.000    3.105	0
   92.500   28.000   30.000    3.396	0
   93.000   32.500   30.000    3.369	0
   93.000   32.000   30.000    3.356	1
   93.000   31.500   30.000    3.316	1
   93.000   31.000   30.000    3.257	1
   93.000   30.500   30.000    3.229	1
   93.000   30.000   30.000    3.202	1
   93.000   29.500   30.000    3.152	1
   93.000   29.000   30.000    3.133	1
   93.000   28.500   30.000    3.251	0
   93.000   28.000   30.000    3.446	0
   93.500   32.500   30.000    3.347	0
   93.500   32.000   30.000    3.293	1
   93.500   31.500   30.000    3.287	1
   93.500   31.000   30.000    3.153	1
   93.500   30.500   30.000    3.101	1
   93.500   30.000   30.000    3.207	1
   93.500   29.500   30.000    3.227	1
   93.500   29.000   30.000    3.282	1
   93.500   28.500   30.000    3.362	0
   93.500   28.000   30.000    3.469	0
   94.000   32.500   30.000    3.355	0
   94.000   32.000   30.000    3.302	1
   94.000   31.500   30.000    3.441	1
   94.000   31.000   30.000    3.262	1
   94.000   30.500   30.000    3.040	1
   94.000   30.000   30.000    3.129	1
   94.000   29.500   30.000    3.298	1
   94.000   29.000   30.000    3.372	1
   94.000   28.500   30.000    3.424	0
   94.000   28.000   30.000    3.489	0
   94.500   32.500   30.000    3.252	0
   94.500   32.000   30.000    3.152	1
   94.500   31.500   30.000    3.373	1
   94.500   31.000   30.000    3.361	1
   94.500   30.500   30.000    3.206	1
   94.500   30.000   30.000    3.229	1
   94.500   29.500   30.000    3.344	1
   94.500   29.000   30.000    3.400	1
   94.500   28.500   30.000    3.446	0
   94.500   28.000   30.000    3.505	0
   95.000   32.500   30.000    3.263	0
   95.000   32.000   30.000    3.110	1
   95.000   31.500   30.000    3.293	1
   95.000   31.000   30.000    3.351	1
   95.000   30.500   30.000    3.273	1
   95.000   30.000   30.000    3.300	1
   95.000   29.500   30.000    3.346	1
   95.000   29.000   30.000    3.386	1
   95.000   28.500   30.000    3.448	0
   95.000   28.000   30.000    3.516	0
   95.500   32.500   30.000    3.329	0
   95.500   32.000   30.000    3.218	0
   95.500   31.500   30.000    3.329	1
   95.500   31.000   30.000    3.300	1
   95.500   30.500   30.000    3.269	1
   95.500   30.000   30.000    3.359	1
   95.500   29.500   30.000    3.422	1
   95.500   29.000   30.000    3.438	1
   95.500   28.500   30.000    3.483	0
   95.500   28.000   30.000    3.538	0
   96.000   32.500   30.000    3.374	0
   96.000   32.000   30.000    3.345	0
   96.000   31.500   30.000    3.411	1
   96.000   31.000   30.000    3.313	1
   96.000   30.500   30.000    3.311	1
   96.000   30.000   30.000    3.385	1
   96.000   29.500   30.000    3.453	1
   96.000   29.000   30.000    3.496	1
   96.000   28.500   30.000    3.528	0
   96.000   28.000   30.000    3.558	0
   96.500   32.500   30.000    3.397	0
   96.500   32.000   30.000    3.418	0
   96.500   31.500   30.000    3.454	1
   96.500   31.000   30.000    3.321	1
   96.500   30.500   30.000    3.288	1
   96.500   30.000   30.000    3.373	1
   96.500   29.500   30.000    3.503	1
   96.500   29.000   30.000    3.561	1
   96.500   28.500   30.000    3.570	0
   96.500   28.000   30.000    3.570	0
   97.000   32.500   30.000    3.402	0
   97.000   32.000   30.000    3.434	0
   97.000   31.500   30.000    3.445	1
   97.000   31.000   30.000    3.361	1
   97.000   30.500   30.000    3.377	1
   97.000   30.000   30.000    3.384	1
   97.000   29.500   30.000    3.556	1
   97.000   29.000   30.000    3.598	0
   97.000   28.500   30.000    3.585	0
   97.000   28.000   30.000    3.570	0
   97.500   32.500   30.000    3.400	0
   97.500   32.000   30.000    3.426	0
   97.500   31.500   30.000    3.432	1
   97.500   31.000   30.000    3.392	1
   97.500   30.500   30.000    3.453	1
   97.500   30.000   30.000    3.361	1
   97.500   29.500   30.000    3.484	1
   97.500   29.000   30.000    3.540	0
   97.500   28.500   30.000    3.553	0
   97.500   28.000   30.000    3.559	0
   98.000   32.500   30.000    3.402	0
   98.000   32.000   30.000    3.423	0
   98.000   31.500   30.000    3.439	1
   98.000   31.000   30.000    3.421	1
   98.000   30.500   30.000    3.438	1
   98.000   30.000   30.000    3.265	1
   98.000   29.500   30.000    3.308	1
   98.000   29.000   30.000    3.439	0
   98.000   28.500   30.000    3.506	0
   98.000   28.000   30.000    3.547	0
   98.500   32.500   30.000    3.402	0
   98.500   32.000   30.000    3.399	0
   98.500   31.500   30.000    3.411	0
   98.500   31.000   30.000    3.390	0
   98.500   30.500   30.000    3.433	1
   98.500   30.000   30.000    3.218	1
   98.500   29.500   30.000    3.230	1
   98.500   29.000   30.000    3.443	0
   98.500   28.500   30.000    3.501	0
   98.500   28.000   30.000    3.539	0
   90.500   32.500   35.000    3.366	0
   90.500   32.000   35.000    3.371	0
   90.500   31.500   35.000    3.378	0
   90.500   31.000   35.000    3.386	0
   90.500   30.500   35.000    3.380	0
   90.500   30.000   35.000    3.369	0
   90.500   29.500   35.000    3.428	0
   90.500   29.000   35.000    3.461	0
   90.500   28.500   35.000    3.527	0
   90.500   28.000   35.000    3.590	0
   91.000   32.500   35.000    3.383	0
   91.000   32.000   35.000    3.392	0
   91.000   31.500   35.000    3.385	0
   91.000   31.000   35.000    3.339	0
   91.000   30.500   35.000    3.254	0
   91.000   30.000   35.000    3.260	1
   91.000   29.500   35.000    3.407	1
   91.000   29.000   35.000    3.444	0
   91.000   28.500   35.000    3.497	0
   91.000   28.000   35.000    3.583	0
   91.500   32.500   35.000    3.403	0
   91.500   32.000   35.000    3.420	0
   91.500   31.500   35.000    3.400	0
   91.500   31.000   35.000    3.300	0
   91.500   30.500   35.000    3.121	1
   91.500   30.000   35.000    3.143	1
   91.500   29.500   35.000    3.402	1
   91.500   29.000   35.000    3.373	0
   91.500   28.500   35.000    3.420	0
   91.500   28.000   35.000    3.563	0
   92.000   32.500   35.000    3.414	0
   92.000   32.000   35.000    3.458	0
   92.000   31.500   35.000    3.442	1
   92.000   31.000   35.000    3.326	1
   92.000   30.500   35.000    3.086	1
   92.000   30.000   35.000    3.084	1
   92.000   29.500   35.000    3.288	1
   92.000   29.000   35.000    3.158	1
   92.000   28.500   35.000    3.273	0
   92.000   28.000   35.000    3.515	0
   92.500   32.500   35.000    3.443	0
   92.500   32.000   35.000    3.500	0
   92.500   31.500   35.000    3.511	1
   92.500   31.000   35.000    3.437	1
   92.500   30.500   35.000    3.253	1
   92.500   30.000   35.000    3.141	1
   92.500   29.500   35.000    3.132	1
   92.500   29.000   35.000    3.008	1
   92.500   28.500   35.000    3.212	0
   92.500   28.000   35.000    3.503	0
   93.000   32.500   35.000    3.420	0
   93.000   32.000   35.000    3.427	1
   93.000   31.500   35.000    3.412	1
   93.000   31.000   35.000    3.313	1
   93.000   30.500   35.000    3.262	1
   93.000   30.000   35.000    3.217	1
   93.000   29.500   35.000    3.150	1
   93.000   29.000   35.000    3.165	1
   93.000   28.500   35.000    3.328	0
   93.000   28.000   35.000    3.547	0
   93.500   32.500   35.000    3.393	0
   93.500   32.000   35.000    3.342	1
   93.500   31.500   35.000    3.339	1
   93.500   31.000   35.000    3.170	1
   93.500   30.500   35.000    3.121	1
   93.500   30.000   35.000    3.240	1
   93.500   29.500   35.000    3.249	1
   93.500   29.000   35.000    3.324	1
   93.500   28.500   35.000    3.437	0
   93.500   28.000   35.000    3.571	0
   94.000   32.500   35.000    3.390	0
   94.000   32.000   35.000    3.315	1
   94.000   31.500   35.000    3.432	1
   94.000   31.000   35.000    3.251	1
   94.000   30.500   35.000    3.047	1
   94.000   30.000   35.000    3.154	1
   94.000   29.500   35.000    3.326	1
   94.000   29.000   35.000    3.423	1
   94.000   28.500   35.000    3.499	0
   94.000   28.000   35.000    3.591	0
   94.500   32.500   35.000    3.277	0
   94.500   32.000   35.000    3.147	1
   94.500   31.500   35.000    3.346	1
   94.500   31.000   35.000    3.369	1
   94.500   30.500   35.000    3.231	1
   94.500   30.000   35.000    3.276	1
   94.500   29.500   35.000    3.412	1
   94.500   29.000   35.000    3.465	1
   94.500   28.500   35.000    3.522	0
   94.500   28.000   35.000    3.607	0
   95.000   32.500   35.000    3.276	0
   95.000   32.000   35.000    3.087	1
   95.000   31.500   35.000    3.254	1
   95.000   31.000   35.000    3.370	1
   95.000   30.500   35.000    3.334	1
   95.000   30.000   35.000    3.400	1
   95.000   29.500   35.000    3.449	1
   95.000   29.000   35.000    3.451	1
   95.000   28.500   35.000    3.520	0
   95.000   28.000   35.000    3.614	0
   95.500   32.500   35.000    3.332	0
   95.500   32.000   35.000    3.181	0
   95.500   31.500   35.000    3.270	1
   95.500   31.000   35.000    3.290	1
   95.500   30.500   35.000    3.299	1
   95.500   30.000   35.000    3.435	1
   95.500   29.500   35.000    3.491	1
   95.500   29.000   35.000    3.474	1
   95.500   28.500   35.000    3.536	0
   95.500   28.000   35.000    3.625	0
   96.000   32.500   35.000    3.378	0
   96.000   32.000   35.000    3.306	0
   96.000   31.500   35.000    3.344	1
   96.000   31.000   35.000    3.275	1
   96.000   30.500   35.000    3.284	1
   96.000   30.000   35.000    3.421	1
   96.000   29.500   35.000    3.488	1
   96.000   29.000   35.000    3.508	1
   96.000   28.500   35.000    3.563	0
   96.000   28.000   35.000    3.626	0
   96.500   32.500   35.000    3.410	0
   96.500   32.000   35.000    3.395	0
   96.500   31.500   35.000    3.411	1
   96.500   31.000   35.000    3.297	1
   96.500   30.500   35.000    3.251	1
   96.500   30.000   35.000    3.402	1
   96.500   29.500   35.000    3.528	1
   96.500   29.000   35.000    3.570	1
   96.500   28.500   35.000    3.593	0
   96.500   28.000   35.000    3.616	0
   97.000   32.500   35.000    3.422	0
   97.000   32.000   35.000    3.431	0
   97.000   31.500   35.000    3.436	1
   97.000   31.000   35.000    3.370	1
   97.000   30.500   35.000    3.359	1
   97.000   30.000   35.000    3.410	1
   97.000   29.500   35.000    3.571	1
   97.000   29.000   35.000    3.606	0
   97.000   28.500   35.000    3.602	0
   97.000   28.000   35.000    3.600	0
   97.500   32.500   35.000    3.421	0
   97.500   32.000   35.000    3.436	0
   97.500   31.500   35.000    3.444	1
   97.500   31.000   35.000    3.429	1
   97.500   30.500   35.000    3.460	1
   97.500   30.000   35.000    3.368	1
   97.500   29.500   35.000    3.472	1
   97.500   29.000   35.000    3.539	0
   97.500   28.500   35.000    3.567	0
   97.500   28.000   35.000    3.582	0
   98.000   32.500   35.000    3.422	0
   98.000   32.000   35.000    3.436	0
   98.000   31.500   35.000    3.450	1
   98.000   31.000   35.000    3.448	1
   98.000   30.500   35.000    3.453	1
   98.000   30.000   35.000    3.282	1
   98.000   29.500   35.000    3.312	1
   98.000   29.000   35.000    3.448	0
   98.000   28.500   35.000    3.524	0
   98.000   28.000   35.000    3.569	0
   98.500   32.500   35.000    3.422	0
   98.500   32.000   35.000    3.416	0
   98.500   31.500   35.000    3.418	0
   98.500   31.000   35.000    3.403	0
   98.500   30.500   35.000    3.443	1
   98.500   30.000   35.000    3.261	1
   98.500   29.500   35.000    3.269	1
   98.500   29.000   35.000    3.466	0
   98.500   28.500   35.000    3.526	0
   98.500   28.000   35.000    3.562	0
   90.500   32.500   40.000    3.429	0
   90.500   32.000   40.000    3.436	0
   90.500   31.500   40.000    3.446	0
   90.500   31.000   40.000    3.457	0
   90.500   30.500   40.000    3.453	0
   90.500   30.000   40.000    3.438	0
   90.500   29.500   40.000    3.483	0
   90.500   29.000   40.000    3.516	0
   90.500   28.500   40.000    3.579	0
   90.500   28.000   40.000    3.639	0
   91.000   32.500   40.000    3.446	0
   91.000   32.000   40.000    3.457	0
   91.000   31.500   40.000    3.454	0
   91.000   31.000   40.000    3.414	0
   91.000   30.500   40.000    3.336	0
   91.000   30.000   40.000    3.327	1
   91.000   29.500   40.000    3.450	1
   91.000   29.000   40.000    3.499	0
   91.000   28.500   40.000    3.561	0
   91.000   28.000   40.000    3.641	0
   91.500   32.500   40.000    3.467	0
   91.500   32.000   40.000    3.485	0
   91.500   31.500   40.000    3.470	0
   91.500   31.000   40.000    3.377	0
   91.500   30.500   40.000    3.210	1
   91.500   30.000   40.000    3.207	1
   91.500   29.500   40.000    3.434	1
   91.500   29.000   40.000    3.447	0
   91.500   28.500   40.000    3.510	0
   91.500   28.000   40.000    3.637	0
   92.000   32.500   40.000    3.478	0
   92.000   32.000   40.000    3.527	0
   92.000   31.500   40.000    3.521	1
   92.000   31.000   40.000    3.405	1
   92.000   30.500   40.000    3.181	1
   92.000   30.000   40.000    3.155	1
   92.000   29.500   40.000    3.340	1
   92.000   29.000   40.000    3.280	1
   92.000   28.500   40.000    3.403	0
   92.000   28.000   40.000    3.616	0
   92.500   32.500   40.000    3.506	0
   92.500   32.000   40.000    3.584	0
   92.500   31.500   40.000    3.617	1
   92.500   31.000   40.000    3.532	1
   92.500   30.500   40.000    3.350	1
   92.500   30.000   40.000    3.227	1
   92.500   29.500   40.000    3.211	1
   92.500   29.000   40.000    3.144	1
   92.500   28.500   40.000    3.353	0
   92.500   28.000   40.000    3.621	0
   93.000   32.500   40.000    3.491	0
   93.000   32.000   40.000    3.529	1
   93.000   31.500   40.000    3.540	1
   93.000   31.000   40.000    3.421	1
   93.000   30.500   40.000    3.362	1
   93.000   30.000   40.000    3.311	1
   93.000   29.500   40.000    3.232	1
   93.000   29.000   40.000    3.265	1
   93.000   28.500   40.000    3.447	0
   93.000   28.000   40.000    3.669	0
   93.500   32.500   40.000    3.459	0
   93.500   32.000   40.000    3.434	1
   93.500   31.500   40.000    3.437	1
   93.500   31.000   40.000    3.257	1
   93.500   30.500   40.000    3.224	1
   93.500   30.000   40.000    3.348	1
   93.500   29.500   40.000    3.342	1
   93.500   29.000   40.000    3.418	1
   93.500   28.500   40.000    3.548	0
   93.500   28.000   40.000    3.698	0
   94.000   32.500   40.000    3.442	0
   94.000   32.000   40.000    3.376	1
   94.000   31.500   40.000    3.469	1
   94.000   31.000   40.000    3.302	1
   94.000   30.500   40.000    3.147	1
   94.000   30.000   40.000    3.266	1
   94.000   29.500   40.000    3.414	1
   94.000   29.000   40.000    3.513	1
   94.000   28.500   40.000    3.608	0
   94.000   28.000   40.000    3.721	0
   94.500   32.500   40.000    3.329	0
   94.500   32.000   40.000    3.202	1
   94.500   31.500   40.000    3.375	1
   94.500   31.000   40.000    3.420	1
   94.500   30.500   40.000    3.320	1
   94.500   30.000   40.000    3.385	1
   94.500   29.500   40.000    3.513	1
   94.500   29.000   40.000    3.561	1
   94.500   28.500   40.000    3.637	0
   94.500   28.000   40.000    3.745	0
   95.000   32.500   40.000    3.314	0
   95.000   32.000   40.000    3.131	1
   95.000   31.500   40.000    3.280	1
   95.000   31.000   40.000    3.426	1
   95.000   30.500   40.000    3.430	1
   95.000   30.000   40.000    3.520	1
   95.000   29.500   40.000    3.563	1
   95.000   29.000   40.000    3.548	1
   95.000   28.500   40.000    3.635	0
   95.000   28.000   40.000    3.758	0
   95.500   32.500   40.000    3.356	0
   95.500   32.000   40.000    3.201	0
   95.500   31.500   40.000    3.273	1
   95.500   31.000   40.000    3.324	1
   95.500   30.500   40.000    3.364	1
   95.500   30.000   40.000    3.528	1
   95.500   29.500   40.000    3.578	1
   95.500   29.000   40.000    3.547	1
   95.500   28.500   40.000    3.634	0
   95.500   28.000   40.000    3.757	0
   96.000   32.500   40.000    3.398	0
   96.000   32.000   40.000    3.311	0
   96.000   31.500   40.000    3.335	1
   96.000   31.000   40.000    3.287	1
   96.000   30.500   40.000    3.302	1
   96.000   30.000   40.000    3.484	1
   96.000   29.500   40.000    3.551	1
   96.000   29.000   40.000    3.556	1
   96.000   28.500   40.000    3.634	0
   96.000   28.000   40.000    3.729	0
   96.500   32.500   40.000    3.434	0
   96.500   32.000   40.000    3.403	0
   96.500   31.500   40.000    3.411	1
   96.500   31.000   40.000    3.313	1
   96.500   30.500   40.000    3.264	1
   96.500   30.000   40.000    3.462	1
   96.500   29.500   40.000    3.577	1
   96.500   29.000   40.000    3.600	1
   96.500   28.500   40.000    3.637	0
   96.500   28.000   40.000    3.684	0
   97.000   32.500   40.000    3.452	0
   97.000   32.000   40.000    3.450	0
   97.000   31.500   40.000    3.453	1
   97.000   31.000   40.000    3.400	1
   97.000   30.500   40.000    3.373	1
   97.000   30.000   40.000    3.462	1
   97.000   29.500   40.000    3.603	1
   97.000   29.000   40.000    3.626	0
   97.000   28.500   40.000    3.629	0
   97.000   28.000   40.000    3.641	0
   97.500   32.500   40.000    3.454	0
   97.500   32.000   40.000    3.463	0
   97.500   31.500   40.000    3.472	1
   97.500   31.000   40.000    3.469	1
   97.500   30.500   40.000    3.480	1
   97.500   30.000   40.000    3.406	1
   97.500   29.500   40.000    3.489	1
   97.500   29.000   40.000    3.554	0
   97.500   28.500   40.000    3.586	0
   97.500   28.000   40.000    3.607	0
   98.000   32.500   40.000    3.456	0
   98.000   32.000   40.000    3.464	0
   98.000   31.500   40.000    3.476	1
   98.000   31.000   40.000    3.481	1
   98.000   30.500   40.000    3.480	1
   98.000   30.000   40.000    3.332	1
   98.000   29.500   40.000    3.351	1
   98.000   29.000   40.000    3.473	0
   98.000   28.500   40.000    3.546	0
   98.000   28.000   40.000    3.587	0
   98.500   32.500   40.000    3.458	0
   98.500   32.000   40.000    3.449	0
   98.500   31.500   40.000    3.443	0
   98.500   31.000   40.000    3.429	0
   98.500   30.500   40.000    3.464	1
   98.500   30.000   40.000    3.322	1
   98.500   29.500   40.000    3.327	1
   98.500   29.000   40.000    3.497	0
   98.500   28.500   40.000    3.549	0
   98.500   28.000   40.000    3.579	0
   90.500   32.500   45.000    3.509	0
   90.500   32.000   45.000    3.517	0
   90.500   31.500   45.000    3.529	0
   90.500   31.000   45.000    3.541	0
   90.500   30.500   45.000    3.537	0
   90.500   30.000   45.000    3.520	0
   90.500   29.500   45.000    3.551	0
   90.500   29.000   45.000    3.581	0
   90.500   28.500   45.000    3.641	0
   90.500   28.000   45.000    3.699	0
   91.000   32.500   45.000    3.525	0
   91.000   32.000   45.000    3.536	0
   91.000   31.500   45.000    3.537	0
   91.000   31.000   45.000    3.504	0
   91.000   30.500   45.000    3.437	0
   91.000   30.000   45.000    3.420	1
   91.000   29.500   45.000    3.519	1
   91.000   29.000   45.000    3.572	0
   91.000   28.500   45.000    3.637	0
   91.000   28.000   45.000    3.711	0
   91.500   32.500   45.000    3.544	0
   91.500   32.000   45.000    3.561	0
   91.500   31.500   45.000    3.552	0
   91.500   31.000   45.000    3.471	0
   91.500   30.500   45.000    3.329	1
   91.500   30.000   45.000    3.315	1
   91.500   29.500   45.000    3.505	1
   91.500   29.000   45.000    3.545	0
   91.500   28.500   45.000    3.618	0
   91.500   28.000   45.000    3.728	0
   92.000   32.500   45.000    3.555	0
   92.000   32.000   45.000    3.606	0
   92.000   31.500   45.000    3.609	1
   92.000   31.000   45.000    3.504	1
   92.000   30.500   45.000    3.311	1
   92.000   30.000   45.000    3.278	1
   92.000   29.500   45.000    3.435	1
   92.000   29.000   45.000    3.425	1
   92.000   28.500   45.000    3.554	0
   92.000   28.000   45.000    3.737	0
   92.500   32.500   45.000    3.580	0
   92.500   32.000   45.000    3.673	0
   92.500   31.500   45.000    3.724	1
   92.500   31.000   45.000    3.639	1
   92.500   30.500   45.000    3.475	1
   92.500   30.000   45.000    3.357	1
   92.500   29.500   45.000    3.337	1
   92.500   29.000   45.000    3.314	1
   92.500   28.500   45.000    3.522	0
   92.500   28.000   45.000    3.762	0
   93.000   32.500   45.000    3.570	0
   93.000   32.000   45.000    3.636	1
   93.000   31.500   45.000    3.670	1
   93.000   31.000   45.000    3.548	1
   93.000   30.500   45.000    3.490	1
   93.000   30.000   45.000    3.443	1
   93.000   29.500   45.000    3.364	1
   93.000   29.000   45.000    3.410	1
   93.000   28.500   45.000    3.603	0
   93.000   28.000   45.000    3.817	0
   93.500   32.500   45.000    3.536	0
   93.500   32.000   45.000    3.539	1
   93.500   31.500   45.000    3.550	1
   93.500   31.000   45.000    3.379	1
   93.500   30.500   45.000    3.365	1
   93.500   30.000   45.000    3.488	1
   93.500   29.500   45.000    3.472	1
   93.500   29.000   45.000    3.551	1
   93.500   28.500   45.000    3.698	0
   93.500   28.000   45.000    3.858	0
   94.000   32.500   45.000    3.507	0
   94.000   32.000   45.000    3.461	1
   94.000   31.500   45.000    3.535	1
   94.000   31.000   45.000    3.390	1
   94.000   30.500   45.000    3.289	1
   94.000   30.000   45.000    3.415	1
   94.000   29.500   45.000    3.539	1
   94.000   29.000   45.000    3.642	1
   94.000   28.500   45.000    3.764	0
   94.000   28.000   45.000    3.896	0
   94.500   32.500   45.000    3.396	0
   94.500   32.000   45.000    3.292	1
   94.500   31.500   45.000    3.438	1
   94.500   31.000   45.000    3.493	1
   94.500   30.500   45.000    3.436	1
   94.500   30.000   45.000    3.518	1
   94.500   29.500   45.000    3.636	1
   94.500   29.000   45.000    3.694	1
   94.500   28.500   45.000    3.805	0
   94.500   28.000   45.000    3.942	0
   95.000   32.500   45.000    3.372	0
   95.000   32.000   45.000    3.217	1
   95.000   31.500   45.000    3.347	1
   95.000   31.000   45.000    3.501	1
   95.000   30.500   45.000    3.532	1
   95.000   30.000   45.000    3.638	1
   95.000   29.500   45.000    3.685	1
   95.000   29.000   45.000    3.686	1
   95.000   28.500   45.000    3.817	0
   95.000   28.000   45.000    3.976	0
   95.500   32.500   45.000    3.401	0
   95.500   32.000   45.000    3.262	0
   95.500   31.500   45.000    3.323	1
   95.500   31.000   45.000    3.389	1
   95.500   30.500   45.000    3.445	1
   95.500   30.000   45.000    3.621	1
   95.500   29.500   45.000    3.678	1
   95.500   29.000   45.000    3.669	1
   95.500   28.500   45.000    3.812	0
   95.500   28.000   45.000    3.984	0
   96.000   32.500   45.000    3.435	0
   96.000   32.000   45.000    3.351	0
   96.000   31.500   45.000    3.368	1
   96.000   31.000   45.000    3.335	1
   96.000   30.500   45.000    3.355	1
   96.000   30.000   45.000    3.561	1
   96.000   29.500   45.000    3.636	1
   96.000   29.000   45.000    3.655	1
   96.000   28.500   45.000    3.791	0
   96.000   28.000   45.000    3.946	0
   96.500   32.500   45.000    3.471	0
   96.500   32.000   45.000    3.439	0
   96.500   31.500   45.000    3.444	1
   96.500   31.000   45.000    3.359	1
   96.500   30.500   45.000    3.311	1
   96.500   30.000   45.000    3.535	1
   96.500   29.500   45.000    3.645	1
   96.500   29.000   45.000    3.673	1
   96.500   28.500   45.000    3.762	0
   96.500   28.000   45.000    3.866	0
   97.000   32.500   45.000    3.492	0
   97.000   32.000   45.000    3.489	0
   97.000   31.500   45.000    3.492	1
   97.000   31.000   45.000    3.442	1
   97.000   30.500   45.000    3.410	1
   97.000   30.000   45.000    3.524	1
   97.000   29.500   45.000    3.649	1
   97.000   29.000   45.000    3.674	0
   97.000   28.500   45.000    3.710	0
   97.000   28.000   45.000    3.762	0
   97.500   32.500   45.000    3.499	0
   97.500   32.000   45.000    3.505	0
   97.500   31.500   45.000    3.515	1
   97.500   31.000   45.000    3.513	1
   97.500   30.500   45.000    3.513	1
   97.500   30.000   45.000    3.462	1
   97.500   29.500   45.000    3.530	1
   97.500   29.000   45.000    3.590	0
   97.500   28.500   45.000    3.634	0
   97.500   28.000   45.000    3.669	0
   98.000   32.500   45.000    3.506	0
   98.000   32.000   45.000    3.510	0
   98.000   31.500   45.000    3.519	1
   98.000   31.000   45.000    3.523	1
   98.000   30.500   45.000    3.520	1
   98.000   30.000   45.000    3.401	1
   98.000   29.500   45.000    3.412	1
   98.000   29.000   45.000    3.516	0
   98.000   28.500   45.000    3.582	0
   98.000   28.000   45.000    3.621	0
   98.500   32.500   45.000    3.511	0
   98.500   32.000   45.000    3.502	0
   98.500   31.500   45.000    3.490	0
   98.500   31.000   45.000    3.473	0
   98.500   30.500   45.000    3.501	1
   98.500   30.000   45.000    3.397	1
   98.500   29.500   45.000    3.401	1
   98.500   29.000   45.000    3.538	0
   98.500   28.500   45.000    3.582	0
   98.500   28.000   45.000    3.605	0
   90.500   32.500   50.000    3.596	0
   90.500   32.000   50.000    3.605	0
   90.500   31.500   50.000    3.619	0
   90.500   31.000   50.000    3.630	0
   90.500   30.500   50.000    3.624	0
   90.500   30.000   50.000    3.604	0
   90.500   29.500   50.000    3.632	0
   90.500   29.000   50.000    3.693	0
   90.500   28.500   50.000    3.817	0
   90.500   28.000   50.000    3.934	0
   91.000   32.500   50.000    3.611	0
   91.000   32.000   50.000    3.620	0
   91.000   31.500   50.000    3.623	0
   91.000   31.000   50.000    3.597	0
   91.000   30.500   50.000    3.541	0
   91.000   30.000   50.000    3.522	1
   91.000   29.500   50.000    3.609	1
   91.000   29.000   50.000    3.694	0
   91.000   28.500   50.000    3.823	0
   91.000   28.000   50.000    3.951	0
   91.500   32.500   50.000    3.626	0
   91.500   32.000   50.000    3.642	0
   91.500   31.500   50.000    3.635	0
   91.500   31.000   50.000    3.569	0
   91.500   30.500   50.000    3.453	1
   91.500   30.000   50.000    3.440	1
   91.500   29.500   50.000    3.604	1
   91.500   29.000   50.000    3.689	0
   91.500   28.500   50.000    3.829	0
   91.500   28.000   50.000    3.983	0
   92.000   32.500   50.000    3.636	0
   92.000   32.000   50.000    3.686	0
   92.000   31.500   50.000    3.695	1
   92.000   31.000   50.000    3.607	1
   92.000   30.500   50.000    3.449	1
   92.000   30.000   50.000    3.421	1
   92.000   29.500   50.000    3.558	1
   92.000   29.000   50.000    3.608	1
   92.000   28.500   50.000    3.792	0
   92.000   28.000   50.000    4.003	0
   92.500   32.500   50.000    3.657	0
   92.500   32.000   50.000    3.758	0
   92.500   31.500   50.000    3.820	1
   92.500   31.000   50.000    3.742	1
   92.500   30.500   50.000    3.602	1
   92.500   30.000   50.000    3.502	1
   92.500   29.500   50.000    3.488	1
   92.500   29.000   50.000    3.518	1
   92.500   28.500   50.000    3.760	0
   92.500   28.000   50.000    4.011	0
   93.000   32.500   50.000    3.650	0
   93.000   32.000   50.000    3.737	1
   93.000   31.500   50.000    3.786	1
   93.000   31.000   50.000    3.672	1
   93.000   30.500   50.000    3.622	1
   93.000   30.000   50.000    3.588	1
   93.000   29.500   50.000    3.523	1
   93.000   29.000   50.000    3.595	1
   93.000   28.500   50.000    3.821	0
   93.000   28.000   50.000    4.049	0
   93.500   32.500   50.000    3.615	0
   93.500   32.000   50.000    3.643	1
   93.500   31.500   50.000    3.661	1
   93.500   31.000   50.000    3.511	1
   93.500   30.500   50.000    3.516	1
   93.500   30.000   50.000    3.637	1
   93.500   29.500   50.000    3.631	1
   93.500   29.000   50.000    3.734	1
   93.500   28.500   50.000    3.924	0
   93.500   28.000   50.000    4.109	0
   94.000   32.500   50.000    3.579	0
   94.000   32.000   50.000    3.554	1
   94.000   31.500   50.000    3.614	1
   94.000   31.000   50.000    3.496	1
   94.000   30.500   50.000    3.446	1
   94.000   30.000   50.000    3.576	1
   94.000   29.500   50.000    3.692	1
   94.000   29.000   50.000    3.829	1
   94.000   28.500   50.000    4.009	0
   94.000   28.000   50.000    4.177	0
   94.500   32.500   50.000    3.476	0
   94.500   32.000   50.000    3.399	1
   94.500   31.500   50.000    3.521	1
   94.500   31.000   50.000    3.580	1
   94.500   30.500   50.000    3.560	1
   94.500   30.000   50.000    3.656	1
   94.500   29.500   50.000    3.778	1
   94.500   29.000   50.000    3.884	1
   94.500   28.500   50.000    4.059	0
   94.500   28.000   50.000    4.231	0
   95.000   32.500   50.000    3.448	0
   95.000   32.000   50.000    3.327	1
   95.000   31.500   50.000    3.440	1
   95.000   31.000   50.000    3.588	1
   95.000   30.500   50.000    3.636	1
   95.000   30.000   50.000    3.752	1
   95.000   29.500   50.000    3.819	1
   95.000   29.000   50.000    3.874	1
   95.000   28.500   50.000    4.063	0
   95.000   28.000   50.000    4.253	0
   95.500   32.500   50.000    3.465	0
   95.500   32.000   50.000    3.352	0
   95.500   31.500   50.000    3.405	1
   95.500   31.000   50.000    3.475	1
   95.500   30.500   50.000    3.539	1
   95.500   30.000   50.000    3.718	1
   95.500   29.500   50.000    3.798	1
   95.500   29.000   50.000    3.837	1
   95.500   28.500   50.000    4.031	0
   95.500   28.000   50.000    4.229	0
   96.000   32.500   50.000    3.491	0
   96.000   32.000   50.000    3.421	0
   96.000   31.500   50.000    3.435	1
   96.000   31.000   50.000    3.412	1
   96.000   30.500   50.000    3.435	1
   96.000   30.000   50.000    3.653	1
   96.000   29.500   50.000    3.745	1
   96.000   29.000   50.000    3.792	1
   96.000   28.500   50.000    3.965	0
   96.000   28.000   50.000    4.143	0
   96.500   32.500   50.000    3.524	0
   96.500   32.000   50.000    3.497	0
   96.500   31.500   50.000    3.501	1
   96.500   31.000   50.000    3.428	1
   96.500   30.500   50.000    3.389	1
   96.500   30.000   50.000    3.623	1
   96.500   29.500   50.000    3.735	1
   96.500   29.000   50.000    3.774	1
   96.500   28.500   50.000    3.885	0
   96.500   28.000   50.000    4.007	0
   97.000   32.500   50.000    3.548	0
   97.000   32.000   50.000    3.545	0
   97.000   31.500   50.000    3.550	1
   97.000   31.000   50.000    3.501	1
   97.000   30.500   50.000    3.471	1
   97.000   30.000   50.000    3.603	1
   97.000   29.500   50.000    3.717	1
   97.000   29.000   50.000    3.746	0
   97.000   28.500   50.000    3.797	0
   97.000   28.000   50.000    3.860	0
   97.500   32.500   50.000    3.560	0
   97.500   32.000   50.000    3.567	0
   97.500   31.500   50.000    3.576	1
   97.500   31.000   50.000    3.571	1
   97.500   30.500   50.000    3.567	1
   97.500   30.000   50.000    3.545	1
   97.500   29.500   50.000    3.605	1
   97.500   29.000   50.000    3.660	0
   97.500   28.500   50.000    3.707	0
   97.500   28.000   50.000    3.744	0
   98.000   32.500   50.000    3.574	0
   98.000   32.000   50.000    3.580	0
   98.000   31.500   50.000    3.585	1
   98.000   31.000   50.000    3.586	1
   98.000   30.500   50.000    3.584	1
   98.000   30.000   50.000    3.502	1
   98.000   29.500   50.000    3.514	1
   98.000   29.000   50.000    3.599	0
   98.000   28.500   50.000    3.653	0
   98.000   28.000   50.000    3.682	0
   98.500   32.500   50.000    3.587	0
   98.500   32.000   50.000    3.580	0
   98.500   31.500   50.000    3.566	0
   98.500   31.000   50.000    3.547	0
   98.500   30.500   50.000    3.573	1
   98.500   30.000   50.000    3.506	1
   98.500   29.500   50.000    3.514	1
   98.500   29.000   50.000    3.620	0
   98.500   28.500   50.000    3.649	0
   98.500   28.000   50.000    3.658	0
